S=[150 150 150 160];
L=S+10+(10*(S+10)/100)












