M=[1 2 3 4; -1 -2 -3 -4; 1 2 3 4; -1 -2 -3 -4;]
K(:,[4 3 2 1])=M(:,[1 2 3 4])
K([4 3 2 1],:)=M([1 2 3 4],:)
K=M; K(:,[3 2])= M(:,[2 3])
K=M; K([4 1],:)= M([1 4],:)
K=M; K([1 2 3 4],[1 2 3 4]) = K([1 3 4 2],[3 2 4 1]) 